start=470.438000
pause=yes
volume=96.000000
