start=517.400533
pause=yes
volume=80.000000
